instancias/n120k7_A.txt
7393
446
3514
3433

1 2 3 4 5 6 7 8 9 10 11 12 13 14 15 16 17 19 20 21 22 23 24 25 26 27 28 29 30 31 32 33 34 35 36 37 38 39 40 41 42 43 44 45 46 47 48 49 50 51 52 53 54 55 56 57 58 59 60 61 62 63 64 65 66 67 68 69 70 71 72 73 74 75 76 77 78 79 80 

7
88 111 112 117 118 119 120 
82 86 87 89 92 93 96 97 115 116 
95 102 105 106 107 110 114 
101 104 109 113 
81 84 85 91 94 99 100 103 108 
90 98 
18 83 


instancias/n120k7_B.txt
14414
446
10535
3433

1 2 3 4 5 6 7 8 9 10 11 12 13 14 15 16 17 19 20 21 22 23 24 25 26 27 28 29 30 31 32 33 34 35 36 37 38 39 40 41 42 43 44 45 46 47 48 49 50 51 52 53 54 55 56 57 58 59 60 61 62 63 64 65 66 67 68 69 70 71 72 73 74 75 76 77 78 79 80 

7
88 111 112 117 118 119 120 
82 86 87 89 92 93 96 97 115 116 
95 102 105 106 107 110 114 
101 104 109 113 
81 84 85 91 94 99 100 103 108 
90 98 
18 83 


instancias/n120k7_C.txt
14414
446
10535
3433

1 2 3 4 5 6 7 8 9 10 11 12 13 14 15 16 17 19 20 21 22 23 24 25 26 27 28 29 30 31 32 33 34 35 36 37 38 39 40 41 42 43 44 45 46 47 48 49 50 51 52 53 54 55 56 57 58 59 60 61 62 63 64 65 66 67 68 69 70 71 72 73 74 75 76 77 78 79 80 

7
88 111 112 117 118 119 120 
82 86 87 89 92 93 96 97 115 116 
95 102 105 106 107 110 114 
101 104 109 113 
81 84 85 91 94 99 100 103 108 
90 98 
18 83 


instancias/n120k7_D.txt
7393
446
3514
3433

1 2 3 4 5 6 7 8 9 10 11 12 13 14 15 16 17 19 20 21 22 23 24 25 26 27 28 29 30 31 32 33 34 35 36 37 38 39 40 41 42 43 44 45 46 47 48 49 50 51 52 53 54 55 56 57 58 59 60 61 62 63 64 65 66 67 68 69 70 71 72 73 74 75 76 77 78 79 80 

7
88 111 112 117 118 119 120 
82 86 87 89 92 93 96 97 115 116 
95 102 105 106 107 110 114 
101 104 109 113 
81 84 85 91 94 99 100 103 108 
90 98 
18 83 


instancias/n14k5_A.txt
1187
750
235
202

2 3 4 

5
14 
12 13 
1 7 8 11 
6 9 10 
5 


instancias/n14k5_B.txt
1657
750
705
202

2 3 4 

5
14 
12 13 
1 7 8 11 
6 9 10 
5 


instancias/n14k5_C.txt
1657
750
705
202

2 3 4 

5
14 
12 13 
1 7 8 11 
6 9 10 
5 


instancias/n14k5_D.txt
1187
750
235
202

2 3 4 

5
14 
12 13 
1 7 8 11 
6 9 10 
5 


instancias/n199k17_A.txt
19374
1786
13855
3733

2 3 4 5 7 8 9 10 11 14 15 16 17 19 20 21 22 23 24 25 29 30 31 32 33 34 35 36 37 38 39 41 42 43 44 45 46 47 48 49 51 54 55 56 57 59 61 62 63 64 65 66 67 68 70 71 72 75 76 77 78 79 80 81 82 83 84 85 86 88 90 91 93 103 104 106 107 108 110 113 114 120 121 123 124 126 128 130 131 140 

17
156 183 193 199 
27 146 167 190 194 196 198 
53 105 180 195 197 
112 147 166 173 191 192 
28 111 176 184 185 188 189 
89 94 95 97 117 137 152 178 179 187 
58 115 144 172 186 
138 149 154 177 182 
6 96 99 151 153 159 175 181 
13 87 92 98 100 119 141 142 145 171 174 
26 40 73 74 133 139 155 165 170 
52 127 162 168 169 
132 157 158 163 164 
69 101 122 160 161 
12 109 150 
1 50 102 116 129 134 135 136 148 
18 60 118 125 143 


instancias/n199k17_B.txt
47067
1786
41548
3733

2 3 4 5 7 8 9 10 11 14 15 16 17 19 20 21 22 23 24 25 29 30 31 32 33 34 35 36 37 38 39 41 42 43 44 45 46 47 48 49 51 54 55 56 57 59 61 62 63 64 65 66 67 68 70 71 72 75 76 77 78 79 80 81 82 83 84 85 86 88 90 91 93 103 104 106 107 108 110 113 114 120 121 123 124 126 128 130 131 140 

17
156 183 193 199 
27 146 167 190 194 196 198 
53 105 180 195 197 
112 147 166 173 191 192 
28 111 176 184 185 188 189 
89 94 95 97 117 137 152 178 179 187 
58 115 144 172 186 
138 149 154 177 182 
6 96 99 151 153 159 175 181 
13 87 92 98 100 119 141 142 145 171 174 
26 40 73 74 133 139 155 165 170 
52 127 162 168 169 
132 157 158 163 164 
69 101 122 160 161 
12 109 150 
1 50 102 116 129 134 135 136 148 
18 60 118 125 143 


instancias/n199k17_C.txt
47067
1786
41548
3733

2 3 4 5 7 8 9 10 11 14 15 16 17 19 20 21 22 23 24 25 29 30 31 32 33 34 35 36 37 38 39 41 42 43 44 45 46 47 48 49 51 54 55 56 57 59 61 62 63 64 65 66 67 68 70 71 72 75 76 77 78 79 80 81 82 83 84 85 86 88 90 91 93 103 104 106 107 108 110 113 114 120 121 123 124 126 128 130 131 140 

17
156 183 193 199 
27 146 167 190 194 196 198 
53 105 180 195 197 
112 147 166 173 191 192 
28 111 176 184 185 188 189 
89 94 95 97 117 137 152 178 179 187 
58 115 144 172 186 
138 149 154 177 182 
6 96 99 151 153 159 175 181 
13 87 92 98 100 119 141 142 145 171 174 
26 40 73 74 133 139 155 165 170 
52 127 162 168 169 
132 157 158 163 164 
69 101 122 160 161 
12 109 150 
1 50 102 116 129 134 135 136 148 
18 60 118 125 143 


instancias/n199k17_D.txt
19374
1786
13855
3733

2 3 4 5 7 8 9 10 11 14 15 16 17 19 20 21 22 23 24 25 29 30 31 32 33 34 35 36 37 38 39 41 42 43 44 45 46 47 48 49 51 54 55 56 57 59 61 62 63 64 65 66 67 68 70 71 72 75 76 77 78 79 80 81 82 83 84 85 86 88 90 91 93 103 104 106 107 108 110 113 114 120 121 123 124 126 128 130 131 140 

17
156 183 193 199 
27 146 167 190 194 196 198 
53 105 180 195 197 
112 147 166 173 191 192 
28 111 176 184 185 188 189 
89 94 95 97 117 137 152 178 179 187 
58 115 144 172 186 
138 149 154 177 182 
6 96 99 151 153 159 175 181 
13 87 92 98 100 119 141 142 145 171 174 
26 40 73 74 133 139 155 165 170 
52 127 162 168 169 
132 157 158 163 164 
69 101 122 160 161 
12 109 150 
1 50 102 116 129 134 135 136 148 
18 60 118 125 143 


instancias/n22k3_A.txt
1327
646
261
420

1 2 3 4 5 6 10 14 15 

3
12 13 18 19 20 22 
11 16 17 21 
7 8 9 


instancias/n22k3_B.txt
1843
646
777
420

1 2 3 4 5 6 10 14 15 

3
12 13 18 19 20 22 
11 16 17 21 
7 8 9 


instancias/n22k3_C.txt
1843
646
777
420

1 2 3 4 5 6 10 14 15 

3
12 13 18 19 20 22 
11 16 17 21 
7 8 9 


instancias/n22k3_D.txt
1327
646
261
420

1 2 3 4 5 6 10 14 15 

3
12 13 18 19 20 22 
11 16 17 21 
7 8 9 


instancias/n31k5_A.txt
2319
895
695
729

1 2 3 4 5 6 7 8 9 10 11 15 17 18 19 22 

5
30 31 
26 27 29 
16 24 28 
14 20 25 
12 13 21 23 


instancias/n31k5_B.txt
3704
895
2080
729

1 2 3 4 5 6 7 8 9 10 11 15 17 18 19 22 

5
30 31 
26 27 29 
16 24 28 
14 20 25 
12 13 21 23 


instancias/n31k5_C.txt
3704
895
2080
729

1 2 3 4 5 6 7 8 9 10 11 15 17 18 19 22 

5
30 31 
26 27 29 
16 24 28 
14 20 25 
12 13 21 23 


instancias/n31k5_D.txt
2319
895
695
729

1 2 3 4 5 6 7 8 9 10 11 15 17 18 19 22 

5
30 31 
26 27 29 
16 24 28 
14 20 25 
12 13 21 23 


instancias/n43k6_A.txt
2813
994
1212
607

1 3 5 6 9 10 11 12 13 14 16 18 20 21 

6
31 34 39 40 43 
8 15 28 33 37 42 
4 17 25 29 36 38 41 
2 22 23 30 35 
19 27 32 
7 24 26 


instancias/n43k6_B.txt
5225
994
3624
607

1 3 5 6 9 10 11 12 13 14 16 18 20 21 

6
31 34 39 40 43 
8 15 28 33 37 42 
4 17 25 29 36 38 41 
2 22 23 30 35 
19 27 32 
7 24 26 


instancias/n43k6_C.txt
5225
994
3624
607

1 3 5 6 9 10 11 12 13 14 16 18 20 21 

6
31 34 39 40 43 
8 15 28 33 37 42 
4 17 25 29 36 38 41 
2 22 23 30 35 
19 27 32 
7 24 26 


instancias/n43k6_D.txt
2813
994
1212
607

1 3 5 6 9 10 11 12 13 14 16 18 20 21 

6
31 34 39 40 43 
8 15 28 33 37 42 
4 17 25 29 36 38 41 
2 22 23 30 35 
19 27 32 
7 24 26 


instancias/n64k9_A.txt
5208
1552
2529
1127

1 2 3 4 8 9 10 12 13 14 15 16 18 19 20 21 22 24 27 30 35 38 41 

9
51 64 
17 47 49 60 61 62 
39 46 54 63 
43 45 50 58 59 
5 55 56 57 
6 26 31 34 36 37 
28 33 48 52 53 
29 32 44 
7 11 23 25 40 42 


instancias/n64k9_B.txt
10257
1552
7578
1127

1 2 3 4 8 9 10 12 13 14 15 16 18 19 20 21 22 24 27 30 35 38 41 

9
51 64 
17 47 49 60 61 62 
39 46 54 63 
43 45 50 58 59 
5 55 56 57 
6 26 31 34 36 37 
28 33 48 52 53 
29 32 44 
7 11 23 25 40 42 


instancias/n64k9_C.txt
10257
1552
7578
1127

1 2 3 4 8 9 10 12 13 14 15 16 18 19 20 21 22 24 27 30 35 38 41 

9
51 64 
17 47 49 60 61 62 
39 46 54 63 
43 45 50 58 59 
5 55 56 57 
6 26 31 34 36 37 
28 33 48 52 53 
29 32 44 
7 11 23 25 40 42 


instancias/n64k9_D.txt
5208
1552
2529
1127

1 2 3 4 8 9 10 12 13 14 15 16 18 19 20 21 22 24 27 30 35 38 41 

9
51 64 
17 47 49 60 61 62 
39 46 54 63 
43 45 50 58 59 
5 55 56 57 
6 26 31 34 36 37 
28 33 48 52 53 
29 32 44 
7 11 23 25 40 42 


instancias/n9k5_A.txt
1076
881
195
0



5
1 7 8 
6 9 
5 
3 4 
2 


instancias/n9k5_B.txt
1466
881
585
0



5
1 7 8 
6 9 
5 
3 4 
2 


instancias/n9k5_C.txt
1466
881
585
0



5
1 7 8 
6 9 
5 
3 4 
2 


instancias/n9k5_D.txt
1076
881
195
0



5
1 7 8 
6 9 
5 
3 4 
2 


